auc: 0.8200767486481773
accuracy: 0.7333333333333333
specificity: 0.6870748299319728
precision: 0.5818181818181818
recall: 0.8205128205128205
auc_pr: 0.6823437476131751
