auc: 0.8324611896040468
accuracy: 0.7955555555555556
specificity: 0.7891156462585034
precision: 0.6702127659574468
recall: 0.8076923076923077
auc_pr: 0.7247672248404503
