auc: 0.8202705045951101
accuracy: 0.7288888888888889
specificity: 0.726027397260274
precision: 0.5918367346938775
recall: 0.7341772151898734
auc_pr: 0.7112899038508339
