auc: 0.8128379556950985
accuracy: 0.7288888888888889
specificity: 0.6938775510204082
precision: 0.5794392523364486
recall: 0.7948717948717948
auc_pr: 0.6871903882721591
