auc: 0.8356009070294784
accuracy: 0.76
specificity: 0.7074829931972789
precision: 0.6090909090909091
recall: 0.8589743589743589
auc_pr: 0.7037264039941885
