auc: 0.8233917114617653
accuracy: 0.6977777777777778
specificity: 0.6506849315068494
precision: 0.5486725663716814
recall: 0.7848101265822784
auc_pr: 0.7184775733079969
