auc: 0.7996136283807517
accuracy: 0.7410714285714286
specificity: 0.7397260273972602
precision: 0.6041666666666666
recall: 0.7435897435897436
auc_pr: 0.6539560747450334
