auc: 0.8203572047858505
accuracy: 0.7244444444444444
specificity: 0.7054794520547946
precision: 0.5825242718446602
recall: 0.759493670886076
auc_pr: 0.7076935150032189
