auc: 0.8210508063117739
accuracy: 0.76
specificity: 0.7602739726027398
precision: 0.631578947368421
recall: 0.759493670886076
auc_pr: 0.7124669932301252
