auc: 0.8012820512820512
accuracy: 0.7544642857142857
specificity: 0.7054794520547946
precision: 0.6055045871559633
recall: 0.8461538461538461
auc_pr: 0.6700898323112879
